010010000000100011100100
010010010000000000000010
101000001000000000000000
010010100000000000100000
010010110000000000000000
101000011011000000000000
010011000000000000000000
010011100000000000000000
000010001000100000000010
010010000000100011100100
100010011001000000000000
001100100000000100000100
110100000000000001001001
000011101110111000000010
011011001000000000000001
000011001100110000000010
010010000000000000000010
010010010000000000000010
110010011010000000000010
110100000000000000010101
100010011001000000000000
000010101010101000000010
010010100000100011100100
000010011001100100000010
010010010000000000000000
001100100000000100000100
110100000000000001010111
000011101110111000000010
011011001000000000000001
000011001100110000000010
010010111011000000000010
101000011011000000000000
010010000000000000000010
010010011001000000000010
110010011010000000011110
110100000000000000110011
10001010001011100000110
000011001100101000000000
010011101110000000000010
000010101010101000000010
010010100000000000100000
110011101001111111000000
110100000000000001001001
10001010001011100000110
000011001100101000000000
010011101110000000000010
000010101010101000000010
010010100000100011100100
110011101001111111010000
110100000000000001010111
111011111111111111111110
