010010000000000000000010
000010001000000011000110			
010010110000000000010100
011010011000000000000001
011010101000000000000011
000010111001101000000000
000010001000100000000000
011010111000000000000100
010011000000000000010100
000011011100101100000010
000011101100101100000100
011011101000000000000111 
010010001110000000010111
010110011101000000010000
000010011001000000101110
110010001001000000000000
110010011101000000100010
000010001001101000000000
110111101100000000000000
101100000000000000101010
111011111111111111111110
000010001001101000000000
000011001000110100001000
000011011011101000001010
000011101001101000001100	
111111111111111111111111
000011101001101000001100		
111011111111111111111110